$ANSIBLE_VAULT;1.1;AES256
65333562326136333863343530363837303763663036373635313563653731326532343864366666
3034633366393634666433626635636430393635656339660a336535303934353063346137663531
66636130383164386165383930356437363462323663323038333238646239613235626466306539
3331303833626361620a393039646133636439323032626161376339363835616130643462623666
39653538653732313433353566306565376634646136356438376464666366643935653463363833
64646636613238663465383461626564396230333064383066393761663834613637626331346534
61666530303830396336373165386331353566396335663466326166373834663836613335336632
65383438323130343431626634373364393233636634356132663165636465343336393832353630
62343565643435306436636265663333323161393838393765393666363935343736383466653530
34356635396663646432396538336230656537313432376635343438346461306363353830386266
35306330656438336366353031303935323161643234616332616130336566636338633934623738
38363134393234633966373733636339313138363364393531393738316333633565383136616131
65643036666266623762313338393335353130343366666538363839373062303738326435633234
33353738363334356263656133623638643065613636643331616239366664636432323034653133
31646135353330396337383533646433633039366363643037313939303333323836316262313132
32633430636531656562373331356637376462373736363166383937626665376434323466363431
37396461663839663533616135353139623637353765666433326666386637396266303132396236
63333931633966343962626162363935623464353163653363613866633861356335636630336162
66346633633033326465643637373030343739333731616234636265666635396461643937396337
61663537333863373830666263303735343532653530376331396561303430333433383665306163
6434
