$ANSIBLE_VAULT;1.1;AES256
36653137346231366561633961353930336335336464363030663233356565646564323238663832
3737666266336566636562663830636530316463613935340a643636633438376661383461376661
62353362383863336532323237366533666535656337653830393139396566326332373762343739
6636366637616433370a656565623664623839346361303734653830373934393261653639333937
62366561306632326632643063626136363835386634663462343336663862393463346638396266
38333765303734666564306665353864346538343265376362383465393438653161613965386538
31343665636437303435393930366138663733353064353532383066353131313538356163313964
61613933666437616635663339313665626664306265333935623238633038363863396631393866
39613665653663313838363434336262353432633239326238643431346230303536366464376661
39326261633662396135386266306139356434316163336434336530333464386461343637623862
37646362396163623139626563666330323632333536383663633038376239393035636161396164
62346334643731316564363464303462646461383833666534666333353631373537663861393865
33363264396431633834376335363763313662653831373536646533383166636231343664313464
34633139616233373961663333646561323833633961316533363063643735643831396166373463
63373062623266386334343231623763643238663631393532303736333137323161623366363338
30626332316136646563623666363864373333383332643338306166393939353364333936613466
34336566323562353530656337323066373132656432386632376435626137336633396166383039
39643766353664326430666365663461333562656531386239633465393666386331663236306638
33393237353766366465613635613934363965303966353938653537363535356363306164623139
32326634653330336466666236623436373337636162323933376364303537363439343039393865
61396261626232623766663664393362613037656564363061393962303330623364313531306165
66336562383861353334313062373138653836356530373563386565303936613262316530323930
30653735363361623463313132316263323638623264626563306337616362313834393539646637
39393339353934303932346362376237386231333961313836363239373231363237623838613864
34396464623037383266386363383165663130656632323062343334646235393065333338383633
35313733636339336238393161333239393265323566353638323033316133636233633435333730
39333438386134316438646361626530363732363261316236663431393563656462373764356132
36393561393030666136393962656234303962336630366638636363386430353834623661633837
37366163333164633036353033656330323565376465383766303633396461323132346537303634
66616232383739643963393838333063363061356637623431353764306261383862313231323963
30636634643766313930363732366536306163633534373763323337383162363666356531323338
36646363646336343163343465373632313365346164623536643665306530363164363233653835
31383830363736383533376538653561363435333861313666313033313435613665383931653631
38363764303739343130613738336533663639313266333937303338656533656133626166646361
65643532303134353431376164623733653166613863636164363635356361373031623864383330
32636337353261626439386538313664633138303862303261616236396662386135373038323033
65646239663765666462336235643963393762613462343031383035383431666136643830383061
35383038623661376132353536306564626235306162336665636333646438393639666132626534
36353634363536396539363333663962653435353432663361343834663139623337383561643938
35636566303763303265303631323365366465643664313533623463326566633734656537623065
65396231333534646638353762303465653731383830373466643463366231353239366238373335
61396136343461313062373734323663646364303135636265346338386334386635326539396230
33666562626439636134383861356430326530656261613737613730643132346539303533656238
36306630616230663066316636626536363763323766343231356437376564616534356539383133
63333161663036353836643136396535363037653737353632373630613431663537343366373739
65396537366137646139383863323030303462626133616265303563623638353066396361626535
30383431386263623362343438623862346565393734656339383630666237656531616136366439
36646438333931393732313162333437633761313439353665326266666337323438343665653336
30323239323461623565393063333233326662353535343765373935343239613266376131336330
33653430313637633932336463653462666531393166386464393035636335656163313036636330
64316236633966633133343435653434336636396238383665383832643564646631393330346234
64373433353130623233323931376234666137313130666436336163656261373963373166373531
64346430653864343735653733613064336132663438333036333132616533616661383864366537
65343664643561343062363332656363653039363664383562633562383535356336303763613932
63653062336637373730666662366639643664653864366633366339646136643532613265346334
30653365303632623636386136316365333735646135323261663062313164323130653935383262
61626630656461333730623536663262373032643364656634393032356333636530353839316431
33366461626232633934346663613730633165393831323862323534636435336461666639623565
37633938633866343632306366323763666435663039343863396530643166366162373237623232
37313230626430363630343962343863666130653864653132353330393461663037313566623035
35333033396165626466633237613930653434623437616566336330323638323530393833396533
62666436316430643036343730373631613934373263653464633363323437663537333462353637
31633331613164383233323663623837643238323337396334316431306232643131303036323532
31383531643730643432346134663532396132373731303534623037643935313533666639356261
64366131613634313834306336373461633439616238336537626634353431313439643934323634
34613365306233366462356638363661623765663533663437643664343935313732346562616162
34353736653932326365356363356236653263373063356434303832333063643365326235313337
33633336363337306136383032623833653832666666353835343331643862313836333561666161
65323432623534396263313132333439303739663732653738626562323131643062656439613839
35326436306564393064643039333662333038363233316366393435383562623464323430363137
64646265623963343762353463653234346434646234356464623734656165613661613961393433
65633834303964323861353961616536623537646232316237303563373163373934306634373232
33633637666466633136313136323936336232663962336365623432393139373736366538346636
33333039383135656261323163343339396234353237666233666164333137626564623864356134
30323963626530363334356437343236663766656530323861386132373062313966386462366534
35383934623736386631616231366164373635623865363032363230653564656634623734346136
66373735663131333863323539303938396130663230656537386636633738613130623335633465
39333334386337656135626534656534333063333461643037313865663532646366653238336530
63653264653965663435316632373038343038636235373662326339356637633338643163323839
37633262366163333162326462343937343965613364303539353831393263343265353632303663
65363033333062643366613064646232663636373834376561356234376137646638313035326462
65376161376638366337326131326130333231663437373638623238353232643939316363386336
39353461653539303639653866656431343230333862343364323533333162366630613735326434
39333062653839653936393536313830346366336437616663306633353530616238643239636664
63343836613438313136646331343230333330663332343937383335663266613665336265313231
36383731376639393564356336363762373436626135663764613062363261346637313637313366
66336138323138383961393438383236313434343636313262306534633335363565616537363235
33396333663238353732653735383437666539306638373233323861653466313366643939643935
64383433636636333331373962366663303837393263366530653637366135663139643734343432
63633562616537393237306466666266376665363763373563663061303835303936633633663835
31363232323533383534396462666534303163613539323533316161393634376565373439356464
33363131316365343238333935353035616566663833396332366330376565623033376466323161
64653930346566313034393730336332663231306365623636376438663162383466653238623961
37646166633765393231303035363733656366626532356335376235383835323165666137363538
30623336356435663665326664666334636462333333303530353136646166653163646535633637
32633637303132636136366130616136663039663138626631366634626433313930396131396263
66363733666563363433313435366331643433356364623864353763326465653666633165396635
31313739363765623432323636336665323837643132376561663933363435356262623861643063
36316361383235623334383866643638663738316461376638353634313431623466613637646534
38666339393566366330363233353563653630663130363031383163636436386235303737666433
38323331353132393330613963656561386265383333666630326331313264653361343961323564
30313334633065616461303861333566613332636362323865393231623361396666626638663035
38383266396238393135616663313864363539313065626536313561383333383465353863306663
30373033313033616433333465363936313832333761363534353036313938393336353336623361
61343037376464663465313239343965306165366162306539393931616535616136643539383537
38306335353835313564613830363262396664653438653761393263343435386563343030383861
66386465393963333265303937383330303632316133663937323564363366336462346464346565
36373761643662353837323331363132623337356138363764623531663137666230366531396338
32313531346434303736623062323765373835383862393264343665363964386437366537373237
33626363636136336336316139633637356438313334393334643530633831626235323838306166
36393462383864363136336638336435303833623134333262633935333535306362656533353735
64613031393961393866653533316166333437343132633734626561363033343736333732386139
64636331386232343763343135613062326631363863663765363737363365353130656636313331
61633662633631346264343765326631303966633338393136663434316539666331643837646662
38333963626162343163656132316664623833303437303835613864333431343734363535383231
63633433373762346438656236396334343636366466336136333235383131393761346263363162
36663532356331306366656632313833313936323832333932303566396530653730323638326332
36353462316431303330336636636463633966316534616432323064353831303137613234323662
64373938393135643666383632623964643239353263333131393534343966393164313534633037
34626234313064643630373964633463343566336162633136663462323334656438306138386235
39326238316639303934383030373662363730363265363734393930643332663631343162306461
33346462316533643834393637363438616136376536353831633939336636616337396630646266
36373634383965356264666236626136643138643361616237303131646133316564636632646331
65613831356135343561333136396532313032616632393236366430353336363232633466306431
30656563323235353166333434383230323035646163653764663039353638323934636334643339
39333065396235313033646462333131383539623663316435316235666638346335383131303236
34633935376463323863623237633065343039393634613037326430616238653661623837323738
32316138356632373365353062373166663434336131333661373330663062313364626236323831
34393438616163313630323562643865626337316230343163663934643731353232383230323662
65613539373039376561343265303439623262623930303535623364333561643234363266303133
39356162356134393961393335346432336662333335396339616530383532326632303437306633
31393433623831383439363962623831393631383735313265373664396432633033613732333462
32323139393930643132323830666262313063343432323732653665616230396130316336363664
32376533346266386234663039616164643233396531363439633761626338346334373639336536
64626237633136346133303464353739306538303265653339383032613531376235383039636562
36663663323832313762636561633333376663663533663261316261313633666233363036616664
36613261316234323666363164636330383661653532313430626464343366336533316431366365
31636236383734363235653930363333383535373262333937616335613032613363646466306230
35343834386531323838326532373966656631323765613437643266376538623163396463343537
65353838386561613133663161333164353764396530373431623230626438373531613238323637
61633836363763386261373530306166653064616130373130346631343538653932626236366233
64303761383838663264386563376466636666393537336634326537333637613662353835613532
32333832373534303532656231373565666362653136353938613364363037316164333666373063
36313962643761666461663135393033363366343339303336363632613936656233336533306161
37303331363664376130636264393464316530313439303235376230636633653338303863643639
61326461343563306434356366643332356237323139646430333038386361386161386562346530
62386133363761643362383435306133623166376230323739643034663862613535373662313337
65326232303430323266613139626233663864376361306437346630386537346634323936393035
64386131656361363863343366303532376666666466623561363932343131343166363837343063
63636662303733373666613564383739623938383836333638633364383930613832396636356536
36363064336639613464663832343861303438653935343938343132356365366165663034356131
37353439663161613833346339396663303364626236353831376263326165386361363134346133
64383433373638326330373766646436383162623330393761346530386133633761363162356538
33626637636236623164363536393766336263336434333165393736393362336664393132663633
34343661313635373866656133316365633732383332616630373434373638646238666137316565
62623838623435393233623363373532366461363136376435643837613666343830613739386237
36343166646364326636643662346237336163613063626565653735353636383634643938616238
34636333386430376139386363376430333461383532393232633265343037643633363865356365
66356164303066343236643037626265633638383031383635313664633166633435333133643733
64313033623361623936366636323561316236313235623630333638393936396662323632626239
34643261363864663638353962613732646330366138326335626137633961313162313438636136
36316239626231663265323230353161386231393837646532343834613530376261616331326538
37363334346438646565613937616534633161346337303534396135343465323837366138383561
36623732393430366434306238393931383235313937353739316266353835346165373638326135
33303936336365663964333635663761343165383965666539313462323531333630323534653361
36356434323864653461386436383438316233616361393938376365333230386265623639383739
36376532346534636136393764396465616364663935616464336462313437326130303336313435
32386538393763613164373339623966396661616634653763323963653665313831353536383366
36616131666361393936656437666166353334633132376634626337663831653066333935303432
34346338653031373038623966623937303333363665623265623834663834636236333739323433
37633439316536636365356333613130643033336137636136653233353762356535376234393332
63333539633435633136313265323939383966666535383061376561633635643135326465353661
39656231343631376533376265616532623639333463353735326531616632613662386432633763
6534306134653132623739383462363035353735323834613530
